Config: {'learning_rate': 0.0005, 'batch_size': 32, 'optimizer': 'adam'}
Validation Loss: 1.8602
Validation Accuracy: 0.8005
BLEU Score: 0.6225
accuracy: [0.0028571428265422583, 0.7071428572000000001, 0.7585715055465698, 0.7585713267326355, 0.758571445941925, 0.7585715055465698, 0.758571445941925, 0.7585715055465698, 0.758571445941925, 0.7585715055465698, 0.758571445941925, 0.7585715055465698, 0.7614285349845886, 0.7585715055465698, 0.758571445941925, 0.7628571391105652, 0.758571445941925, 0.7599999308586121, 0.758571445941925, 0.7599999308586121]
loss: [4.96240758895874, 4.825904846191406, 4.565401554107666, 4.003479480743408, 2.9339969158172607, 1.6378899812698364, 1.4017709493637085, 1.6440194845199585, 1.822488784790039, 1.8994210958480835, 1.879715085029602, 1.7978742122650146, 1.704968810081482, 1.5898195505142212, 1.4825146198272705, 1.4074217081069946, 1.3228766918182373, 1.2725459337234497, 1.2538959980010986, 1.2624458074569702]
val_accuracy: [0.05000000074505806, 0.12999999523162842, 0.2549999952316284, 0.39499998092651367, 0.5349999666213989, 0.6199999451637268, 0.6800000071525574, 0.7200000286102295, 0.7400000095367432, 0.7600000500679016, 0.7699999809265137, 0.7799999713897705, 0.7850000262260437, 0.7900000214576721, 0.7920000553131104, 0.7930000424385071, 0.7940000295639038, 0.7960000038146973, 0.7970000505447388, 0.7980000376701355]
val_loss: [4.81142999999999965, 4.53528000000000020, 3.93645999999999985, 2.77646000000000015, 1.35321000000000002, 1.17630000000000003, 1.38681000000000002, 1.55398000000000003, 1.61908999999999990, 1.60921999999999995, 1.55596000000000003, 1.47166999999999997, 1.37451999999999991, 1.28128999999999998, 1.19933999999999992, 1.13453999999999993, 1.09227000000000001, 1.08097999999999991, 1.10658999999999991, 1.14814000000000000]


